ITS2 type profile UID		179282	179711	179487	179488	179186	179483	179267	179284	179196	178820	179750	179274	178571	180157	180156	179998	180160	180158
Clade		C	C	C	C	C	C	C	C	C	C	C	C	C	D	D	D	D	D
Majority ITS2 sequence		C17d/C31	C31	C31	C31	C31/C17d	C31	C17d/C31	C17d	C31	C15	C15	C31	C17d	D1/D4	D1/D4	D1/D4	D1	D4
Associated species		None	None	None	None	None	None	None	None	None	None	None	None	None	None	None	None	None	None
ITS2 profile abundance local		41	15	14	6	6	5	3	2	2	1	1	1	1	52	32	3	1	1
ITS2 profile abundance DB		389	48	110	45	138	92	70	24	82	115	6	30	19	154	856	70	55	4
ITS2 type profile		C17d/C31-C21-C21ac-C17e-C17f-C31.9	C31/C17d-C31.1-C21-C31a-C17e-C21ac-C31.10	C31/C17d-C31.1-C21-C31a-C31f-C21ac-C17e	C31-C17d-C31.1-C31a-C21-C31f-C21ac-C31l	C31/C17d-C21-C31a-C21ac-C31.9	C31-C17d-C31.1-C31a-C21-C17e-C31f-C31l	C31/C17d-C21-C21ac-C17f-C31.9	C31/C17d/C21-C31.9-C31.5-C21ac-C31a-C17f	C31/C17d-C21-C31.9-C21ac-C31i-C31h	C3/C15	C15/C31-C17d	C31/C17d-C21-C31k-C21ac-C17e	C17d/C31-C21-C17e-C21ac-C17f	D1/D4/D1ab-D6-D4d	D4/D1/D6-D1ab-D3h	D1/D4/D6/D1ab	D4/D1-D6-D1ab-D17d-D17j	D4/D1-D6-D3h
143713	386B	0	0	0	0	0	0	0	0	0	0	0	0	0	5272.0	0	0	0	0
143721	497A	0	0	0	0	0	0	0	0	0	0	0	0	0	2525.0	0	0	0	0
143631	120A	0	0	0	0	0	0	0	0	0	0	0	0	0	5489.0	0	0	0	0
143632	120B	0	0	0	0	0	0	0	0	0	0	0	0	0	6012.0	0	0	0	0
143646	1226A	0	0	0	0	0	0	0	0	0	0	0	0	0	5985.0	0	0	0	0
143682	211A	0	0	0	0	0	0	0	0	0	0	0	0	0	3460.0	0	0	0	0
143647	1226B	0	0	0	0	0	0	0	0	0	0	0	0	0	5252.0	0	0	0	0
143762	742A	0	0	0	0	0	0	0	0	0	0	0	0	0	3142.0	0	0	0	0
143664	127A	0	0	0	0	0	0	0	0	0	0	0	0	0	5892.0	0	0	0	0
143644	1222B	0	0	0	0	0	0	0	0	0	0	0	0	0	2146.0	0	0	0	0
143633	120C	0	0	0	0	0	0	0	0	0	0	0	0	0	5436.0	0	0	0	0
143680	160B	0	0	0	0	0	0	0	0	0	0	0	0	0	4755.0	0	0	0	0
143684	211C	0	0	0	0	0	0	0	0	0	0	0	0	0	2908.0	0	0	0	0
143683	211B	0	0	0	0	0	0	0	0	0	0	0	0	0	3084.0	0	0	0	0
143695	315B	0	0	0	0	0	0	0	0	0	0	0	0	0	2228.0	0	0	0	0
143678	151C	0	0	0	0	0	0	0	0	0	0	0	0	0	1450.0	0	0	0	0
143666	127C	0	0	0	0	0	0	0	0	0	0	0	0	0	3690.0	0	0	0	0
143763	742B	0	0	0	0	0	0	0	0	0	0	0	0	0	2963.0	0	0	0	0
143758	684B	0	0	0	0	0	0	0	0	0	0	0	0	0	3010.0	0	0	0	0
143757	684A	0	0	0	0	0	0	0	0	0	0	0	0	0	3575.0	0	0	0	0
143679	160A	0	0	0	0	0	0	0	0	0	0	0	0	0	2856.0	0	0	0	0
143712	386A	0	0	0	0	0	0	0	0	0	0	0	0	0	2485.0	0	0	0	0
143634	1212A	0	0	0	0	0	0	0	0	0	0	0	0	0	2224.0	0	0	0	0
143665	127B	0	0	0	0	0	0	0	0	0	0	0	0	0	3862.0	0	0	0	0
143690	277C	0	0	0	0	0	0	0	0	0	0	0	0	0	5087.0	0	0	0	0
143760	70A	0	0	0	0	0	0	0	0	0	0	0	0	0	1652.0	0	0	0	0
143709	353A	0	0	0	0	0	0	0	0	0	0	0	0	0	3382.0	0	0	0	0
143689	277B	0	0	0	0	0	0	0	0	0	0	0	0	0	3988.0	0	0	0	0
143764	742C	0	0	0	0	0	0	0	0	0	0	0	0	0	2111.0	0	0	0	0
143639	121C	0	0	0	0	0	0	282.0	0	0	0	0	0	0	3694.0	0	0	0	0
143650	1255B	0	372.0	0	0	0	0	0	0	0	0	0	0	0	2015.0	0	0	0	0
143768	748A	0	650.0	0	0	0	0	0	0	0	0	0	0	0	2631.0	0	0	0	0
143739	612A	0	1203.0	0	0	0	0	0	0	0	0	0	0	0	3490.0	0	0	0	0
143761	70B	0	0	0	0	0	0	0	0	0	0	0	0	0	271.0	0	0	0	0
143730	576A	717.0	0	0	0	0	0	0	0	0	0	0	0	0	1431.0	0	0	0	0
143732	576C	1138.0	0	0	0	0	0	0	0	0	0	0	0	0	2001.0	0	0	0	0
143740	612B	0	2025.0	0	0	0	0	0	0	0	0	0	0	0	2886.0	0	0	0	0
143769	748B	0	1112.0	0	0	0	0	0	0	0	0	0	0	0	1562.0	0	0	0	0
143755	677B	0	0	0	0	0	1721.0	0	0	0	0	0	0	0	2249.0	0	0	0	0
143741	612C	0	1431.0	0	0	0	0	0	0	0	0	0	0	0	1761.0	0	0	0	0
143753	670C	0	0	0	0	0	1225.0	0	0	0	0	0	0	0	1432.0	0	0	0	0
143719	485B	1104.0	0	0	0	0	0	0	0	0	15.0	0	0	0	0	0	0	0	0
143774	823B	2871.0	0	0	0	0	0	0	0	0	0	0	0	0	0	0	0	0	0
143775	823C	3486.0	0	0	0	0	0	0	0	0	0	0	0	0	0	0	0	0	0
143703	333A	2243.0	0	0	0	0	0	0	0	0	0	0	0	0	0	0	0	0	0
143778	95B	3137.0	0	0	0	0	0	0	0	0	0	0	0	0	0	0	0	0	0
143773	823A	1879.0	0	0	0	0	0	0	0	0	0	0	0	0	0	0	0	0	0
143779	95C	3848.0	0	0	0	0	0	0	0	0	0	0	0	0	0	0	0	0	0
143660	1263C	3213.0	0	0	0	0	0	0	0	0	0	0	0	0	0	0	0	0	0
143653	1261B	4613.0	0	0	0	0	0	0	0	0	0	0	0	0	0	0	0	0	0
143720	485C	3509.0	0	0	0	0	0	0	0	0	0	0	0	0	0	0	0	0	0
143654	1261C	1050.0	0	0	0	0	0	0	0	0	0	0	0	0	0	0	0	0	0
143652	1261A	3645.0	0	0	0	0	0	0	0	0	0	0	0	0	0	0	0	0	0
143772	78C	1916.0	0	0	0	0	0	0	0	0	0	0	0	0	0	0	0	0	0
143717	479C	3424.0	0	0	0	0	0	0	0	0	0	0	0	0	0	0	0	0	0
143715	479A	5333.0	0	0	0	0	0	0	0	0	0	0	0	0	0	0	0	0	0
143704	333B	2303.0	0	0	0	0	0	0	0	0	0	0	0	0	0	0	0	0	0
143701	32B	2871.0	0	0	0	0	0	0	0	0	0	0	0	0	0	0	0	0	0
143693	306C	3590.0	0	0	0	0	0	0	0	0	0	0	0	0	0	0	0	0	0
143728	565B	2590.0	0	0	0	0	0	0	0	0	0	0	0	0	0	0	0	0	0
143727	565A	3659.0	0	0	0	0	0	0	0	0	0	0	0	0	0	0	0	0	0
143729	565C	2565.0	0	0	0	0	0	0	0	0	0	0	0	0	0	0	0	0	0
143670	141A	2112.0	0	0	0	0	0	0	0	0	0	0	0	0	0	0	0	0	0
143672	141C	1223.0	0	0	0	0	0	0	0	0	0	0	0	0	0	0	0	0	0
143691	306A	2506.0	0	0	0	0	0	0	0	0	0	0	0	0	0	0	0	0	0
143692	306B	3145.0	0	0	0	0	0	0	0	0	0	0	0	0	0	0	0	0	0
143671	141B	1445.0	0	0	0	0	0	0	0	0	0	0	0	0	0	0	0	0	0
143705	333C	1142.0	0	0	0	0	0	0	0	0	0	0	0	0	0	0	0	0	0
143716	479B	4660.0	0	0	0	0	0	0	0	0	0	0	0	0	0	656.0	0	0	0
143657	1262C	1592.0	0	0	0	0	0	0	0	0	0	0	0	0	0	0	0	0	0
143710	353B	2738.0	0	0	0	0	0	0	0	0	0	0	0	0	0	0	0	0	0
143718	485A	1526.0	0	0	0	0	0	0	0	0	0	0	0	0	0	456.0	0	0	0
143771	78A	2458.0	0	0	0	0	0	0	0	0	0	0	0	0	763.0	0	0	0	0
143656	1262B	2081.0	0	0	0	0	0	0	0	0	0	0	0	0	699.0	0	0	0	0
143662	1264B	3287.0	0	0	0	0	0	0	0	0	0	0	0	0	1148.0	0	0	0	0
143663	1264C	3163.0	0	0	0	0	0	0	0	0	0	0	0	0	1369.0	0	0	0	0
143655	1262A	2625.0	0	0	0	0	0	0	0	0	0	0	0	0	1174.0	0	0	0	0
143661	1264A	2837.0	0	0	0	0	0	0	0	0	0	0	0	0	2136.0	0	0	0	0
143723	497C	0	0	0	0	0	0	0	0	0	0	0	0	0	0	1532.0	0	0	0
143765	745A	0	0	0	0	0	0	0	0	0	0	0	0	0	0	3610.0	0	0	0
143766	745B	0	0	0	0	0	0	0	0	0	0	0	0	0	0	2513.0	0	0	0
143668	1292B	0	0	0	0	0	0	0	0	0	0	0	0	0	0	5483.0	0	0	0
143676	151A	0	0	0	0	0	0	0	0	0	0	0	0	0	0	2501.0	0	0	0
143667	1292A	0	0	0	0	0	0	0	0	0	0	0	0	0	0	3437.0	0	0	0
143722	497B	0	0	0	0	0	0	0	0	0	0	0	0	0	0	2762.0	0	0	0
143677	151B	0	0	0	0	0	0	0	0	0	0	0	0	0	0	2860.0	0	0	0
143645	1222C	0	0	0	0	0	0	0	0	0	0	0	0	0	0	3338.0	0	0	0
143643	1222A	0	0	0	0	0	0	0	0	0	0	0	0	0	0	2013.0	0	0	0
143669	1292C	0	0	0	0	0	0	0	0	0	0	0	0	0	0	5670.0	0	0	0
143635	1212B	0	0	0	0	0	0	0	0	0	0	0	0	0	0	2444.0	0	0	0
143688	277A	0	0	0	0	0	0	0	0	0	0	0	0	0	0	5032.0	0	0	0
143696	315C	0	0	0	0	0	0	0	0	0	0	0	0	0	0	2401.0	0	0	0
143648	1226C	0	0	0	0	0	0	0	0	0	0	0	0	0	0	4683.0	0	0	0
143742	620A	0	0	0	0	0	0	0	0	0	0	0	0	0	0	1492.0	0	0	0
143776	83A	0	0	0	170.0	0	0	0	0	0	0	0	0	0	0	2038.0	0	0	0
143649	1255A	0	0	0	0	0	0	0	0	0	0	0	0	0	0	483.0	0	0	0
143777	83B	0	0	0	315.0	0	0	0	0	0	0	0	0	0	0	1572.0	0	0	0
143694	315A	0	0	0	0	0	0	0	0	0	0	131.0	0	0	0	1045.0	0	0	0
143743	620B	380.0	0	0	0	0	0	0	0	0	0	0	0	0	0	1711.0	0	0	0
143731	576B	422.0	0	0	0	0	0	0	0	0	0	0	0	0	0	1120.0	0	0	0
143685	258A	0	4671.0	0	0	0	0	0	0	0	0	0	0	0	0	0	0	0	0
143638	1213C	0	1734.0	0	0	0	0	0	0	0	0	0	0	0	0	0	0	0	0
143637	1213B	0	3449.0	0	0	0	0	0	0	0	0	0	0	0	0	0	0	0	0
143641	1221B	0	2506.0	0	0	0	0	0	0	0	0	0	0	0	0	0	0	0	0
143640	1221A	0	2995.0	0	0	0	0	0	0	0	0	0	0	0	0	0	0	0	0
143726	556C	0	2027.0	0	0	0	0	0	0	0	0	0	0	0	0	303.0	0	0	0
143642	1221C	0	3364.0	0	0	0	0	0	0	0	0	0	0	0	0	0	0	879.0	0
143770	748C	0	2697.0	0	0	0	0	0	0	0	0	0	0	0	1869.0	0	0	0	0
143754	677A	0	1641.0	0	0	0	0	0	0	0	0	0	0	0	1827.0	0	0	0	0
143687	258C	0	0	6104.0	0	0	0	0	0	0	0	0	0	0	0	0	0	0	0
143686	258B	0	0	4255.0	0	0	0	0	0	0	0	0	0	0	0	0	0	0	0
143699	322C	0	0	1859.0	0	0	0	0	0	0	0	0	0	0	0	0	0	0	0
143745	632A	0	0	2383.0	0	0	0	0	0	0	0	0	0	0	0	0	0	0	0
143698	322B	0	0	1868.0	0	0	0	0	0	0	0	0	0	0	0	0	0	0	0
143725	556B	0	0	2044.0	0	0	0	0	0	0	0	0	0	0	0	0	0	0	0
143724	556A	0	0	4337.0	0	0	0	0	0	0	0	0	0	0	0	0	0	0	0
143636	1213A	0	0	1932.0	0	0	0	0	0	0	0	0	0	0	0	0	0	0	0
143737	609B	0	0	1992.0	0	0	0	0	0	0	0	0	0	0	0	0	0	0	0
143738	609C	0	0	3979.0	0	0	0	0	0	0	0	0	0	0	0	398.0	0	0	0
143736	609A	0	0	2256.0	0	0	0	0	0	0	0	0	0	0	0	799.0	0	0	0
143756	677C	0	0	1598.0	0	0	0	0	0	0	0	0	0	0	0	1244.0	0	0	0
143751	670A	0	0	1344.0	0	0	0	0	0	0	0	0	0	0	0	1392.0	0	0	0
143752	670B	0	0	1000.0	0	0	0	0	0	0	0	0	0	0	1088.0	0	0	0	0
143697	322A	0	0	0	4930.0	0	0	0	0	0	0	0	0	0	0	0	0	0	0
143708	34C	0	0	0	3824.0	0	0	0	0	0	0	0	0	0	0	0	0	0	0
143706	34A	0	0	0	3421.0	0	0	0	0	0	0	0	0	0	0	0	0	0	0
143707	34B	0	0	0	4533.0	0	0	0	0	0	0	0	0	0	0	335.0	0	0	0
143735	586C	0	0	0	0	2695.0	0	0	0	0	0	0	0	0	0	0	0	0	0
143733	586A	0	0	0	0	6112.0	0	0	0	0	0	0	0	0	0	0	0	0	0
143734	586B	0	0	0	0	3083.0	0	0	0	0	0	0	0	0	0	0	0	0	0
143748	649A	0	0	0	0	4053.0	0	0	0	0	0	0	0	0	0	0	0	0	0
143750	649C	0	0	0	0	2924.0	0	0	0	0	0	0	0	0	0	0	0	0	0
143749	649B	0	0	0	0	2920.0	0	0	0	0	0	0	0	0	0	0	0	0	0
143747	632C	0	0	0	0	0	5790.0	0	0	0	0	0	0	0	0	0	0	0	0
143746	632B	0	0	0	0	0	2438.0	0	0	0	0	0	0	0	0	0	0	0	0
143651	1255C	0	0	0	0	0	1596.0	0	0	0	0	0	0	0	1351.0	0	0	0	0
143659	1263B	0	0	0	0	0	0	288.0	0	0	0	0	0	0	0	0	0	0	0
143674	146B	0	0	0	0	0	0	360.0	0	0	0	0	0	0	0	0	333.0	0	0
143744	620C	0	0	0	0	0	0	0	0	0	0	0	0	0	0	0	385.0	0	0
143681	160C	0	0	0	0	0	0	0	0	0	0	0	0	0	0	0	614.0	0	0
143629	10B	0	0	0	0	0	0	0	1808.0	0	0	0	0	0	0	466.0	0	0	0
143630	10C	0	0	0	0	0	0	0	2448.0	0	0	0	0	0	0	1336.0	0	0	0
143702	32C	0	0	0	0	0	0	0	0	2684.0	0	0	0	0	0	0	0	0	0
143700	32A	0	0	0	0	0	0	0	0	3028.0	0	0	0	0	0	0	0	0	0
143673	146A	0	0	0	0	0	0	0	0	0	0	0	2684.0	0	2207.0	0	0	0	0
143658	1263A	0	0	0	0	0	0	0	0	0	0	0	0	606.0	0	0	0	0	0
143767	745C	0	0	0	0	0	0	0	0	0	0	0	0	0	0	0	0	0	409.0
143783	PCR-Pos2	0	0	0	0	0	0	0	0	0	0	0	0	0	0	0	0	0	0
143782	PCR-Pos1	0	0	0	0	0	0	0	0	0	0	0	0	0	0	0	0	0	0
143781	PCR-Neg2	0	0	0	0	0	0	0	0	0	0	0	0	0	0	0	0	0	0
143780	PCR_Neg1	0	0	0	0	0	0	0	0	0	0	0	0	0	0	0	0	0	0
143759	684C	0	0	0	0	0	0	0	0	0	0	0	0	0	0	0	0	0	0
143714	386C	0	0	0	0	0	0	0	0	0	0	0	0	0	0	0	0	0	0
143711	353C	0	0	0	0	0	0	0	0	0	0	0	0	0	0	0	0	0	0
143675	146C	0	0	0	0	0	0	0	0	0	0	0	0	0	0	0	0	0	0
143628	10A	0	0	0	0	0	0	0	0	0	0	0	0	0	0	0	0	0	0
Sequence accession / SymPortal UID		49066/62831-41-38924-70820-70818-62836	62831-49066-62833-41-70819-70818-38924-62837	62831-49066-62833-41-70819-38924-70818-70842	62831-49066-62833-41-70819-70842-38924-70829	62831/49066-41-38924-70819-62836	62831-49066-62833-70819-41-70818-70842-70829	49066/62831-41-38924-62836-70820	49066-62831-41-62836-62834-38924-70820-70819	62831-49066-41-62836-70991-471943-38924	517-32	517-62831-49066	62831-49066-41-70849-38924-70818	49066-62831-41-70818-38924-70820	853/854-933-1674-1660	853/854-933-1674-70902	853/854-933-1674	853-854-933-1674-2582-1768	854-853-933-70902
Average defining sequence proportions and [stdev]		0.409[0.072]/0.301[0.076]-0.141[0.019]-0.051[0.010]-0.038[0.006]-0.035[0.007]-0.025[0.016]	0.420[0.049]-0.230[0.056]-0.080[0.012]-0.079[0.025]-0.059[0.016]-0.052[0.017]-0.044[0.022]-0.035[0.008]	0.464[0.053]-0.179[0.035]-0.098[0.017]-0.083[0.030]-0.060[0.015]-0.046[0.020]-0.038[0.011]-0.032[0.008]	0.452[0.043]-0.170[0.021]-0.100[0.012]-0.086[0.028]-0.066[0.012]-0.044[0.012]-0.042[0.004]-0.040[0.005]	0.386[0.095]/0.283[0.081]-0.137[0.023]-0.086[0.013]-0.075[0.007]-0.032[0.008]	0.493[0.069]-0.170[0.055]-0.108[0.011]-0.073[0.006]-0.051[0.023]-0.041[0.008]-0.035[0.008]-0.032[0.007]	0.405[0.060]/0.347[0.117]-0.150[0.046]-0.036[0.014]-0.032[0.024]-0.030[0.022]	0.306[0.004]-0.185[0.022]-0.163[0.020]-0.122[0.001]-0.079[0.010]-0.054[0.010]-0.048[0.008]-0.043[0.001]	0.443[0.013]-0.291[0.008]-0.098[0.004]-0.071[0.006]-0.037[0.002]-0.030[0.004]-0.030[0.000]	0.533[nan]-0.467[nan]	0.550[nan]-0.351[nan]-0.099[nan]	0.410[nan]-0.320[nan]-0.154[nan]-0.048[nan]-0.039[nan]-0.029[nan]	0.477[nan]-0.186[nan]-0.170[nan]-0.068[nan]-0.058[nan]-0.041[nan]	0.402[0.027]/0.335[0.020]-0.192[0.016]-0.053[0.008]-0.019[0.005]	0.394[0.031]/0.352[0.026]-0.187[0.018]-0.049[0.011]-0.017[0.005]	0.354[0.047]/0.351[0.046]-0.251[0.032]-0.044[0.009]	0.382[nan]-0.353[nan]-0.203[nan]-0.042[nan]-0.010[nan]-0.010[nan]	0.418[nan]-0.379[nan]-0.176[nan]-0.027[nan]
